All_within_Group	0.55	0.725	0.55	0.95	0.925	0.2	0.8	0.35	0.9	0.275	0.775	0.225	0.725	0.95	0.2	0.925	0.95	0.525	0.9	0.5	0.3	0.85	0.775	0.9	0.9	0.875	0.7	0.925	0.825	0.95	0.975	0.925	0.9	0.8	0.95	0.975	0.925	0.125	0.7	0.125	0.425	0.675	0.225	0.45	0.725	0.275	0.525
All_between_Group	0.725	0.425	0.8	0.9	0.75	0.975	0.275	0.8	0.225	0.3	0.675	0.3	0.5	0.525	0.8	0.5	0.65	0.25	0.2	0.95	0.05	0.925	0.725	0.95	0.375	0.95	0.45	0.7	0.9	0.425	0.875	0.45	0.7	0.8	0.8	0.7	0.675	0.525	0.75	0.5	0.925	0.975	0.975	0.75	0.775	0.1	0.8	0.325	0.275	0.7	0.225	0.825	0.8	0.95	0.9	0.9	0.275	0.7	0.325	0.8	0.725	0.9	0.85	0.875	0.725	0.9	0.15	0.9	0.425	0.75	0.575	0.875	0.7	0.8	0.75	0.975	0.425	0.975	0.3	0.15	0.45	0.35	0.8	0.75	0.9	0.9	0.85	0.8	0.875	0.875	0.525	0.525	0.65	0.575	0.55	0.325	0.725	0.325	0.9	0.825	0.975	1.0	0.925	0.75	0.825	0.75	0.8	0.7	0.225	0.9	0.4	0.9	0.95	0.95	0.575	0.575	0.125	0.625	0.15	0.225	0.325	0.4	0.9	0.825	0.95	0.975	0.9	0.9	0.95	0.95	0.775	0.725	0.075	0.8	0.35	0.45	0.625	0.575	0.825	0.75	0.925	0.925	0.875
OL_vs._OL	0.55	0.725	0.55	0.95	0.925	0.2
OSCC_vs._OSCC	0.8	0.35	0.9
PVL_vs._PVL	0.275	0.775	0.225	0.725	0.95	0.2	0.925	0.95	0.525	0.9
CTRL_vs._CTRL	0.5	0.3	0.85	0.775	0.9	0.9	0.875	0.7	0.925	0.825	0.95	0.975	0.925	0.9	0.8	0.95	0.975	0.925	0.125	0.7	0.125	0.425	0.675	0.225	0.45	0.725	0.275	0.525
OL_vs._OSCC	0.725	0.425	0.8	0.9	0.75	0.975	0.275	0.8	0.225	0.3	0.675	0.3
OL_vs._PVL	0.5	0.525	0.8	0.5	0.65	0.25	0.2	0.95	0.05	0.925	0.725	0.95	0.375	0.95	0.45	0.7	0.9	0.425	0.875	0.45
OL_vs._CTRL	0.7	0.8	0.8	0.7	0.675	0.525	0.75	0.5	0.925	0.975	0.975	0.75	0.775	0.1	0.8	0.325	0.275	0.7	0.225	0.825	0.8	0.95	0.9	0.9	0.275	0.7	0.325	0.8	0.725	0.9	0.85	0.875
OSCC_vs._PVL	0.725	0.9	0.15	0.9	0.425	0.75	0.575	0.875	0.7	0.8	0.75	0.975	0.425	0.975	0.3
OSCC_vs._CTRL	0.15	0.45	0.35	0.8	0.75	0.9	0.9	0.85	0.8	0.875	0.875	0.525	0.525	0.65	0.575	0.55	0.325	0.725	0.325	0.9	0.825	0.975	1.0	0.925
PVL_vs._CTRL	0.75	0.825	0.75	0.8	0.7	0.225	0.9	0.4	0.9	0.95	0.95	0.575	0.575	0.125	0.625	0.15	0.225	0.325	0.4	0.9	0.825	0.95	0.975	0.9	0.9	0.95	0.95	0.775	0.725	0.075	0.8	0.35	0.45	0.625	0.575	0.825	0.75	0.925	0.925	0.875
