All_within_Location	0.45	0.3	0.85	0.9	0.5	0.3	0.7	0.925	0.275	0.8	0.85	0.9	0.75	0.9	0.225	0.9	0.45	0.7	0.8	0.975	0.7	0.875	0.925	0.95	0.825	0.95	0.325	0.95	0.625	0.8	0.975	0.225	0.875	0.9	0.95	0.75	0.95	0.4	0.95	0.575	0.55	0.725	0.425	0.7	0.525	0.5	0.525	0.8	0.5	0.65	0.95	0.75	0.75	0.1	0.25	0.2	0.95	0.05	0.925	0.8	0.825	0.95	0.725	0.95	0.375	0.95	0.45	0.525	0.65	0.75	0.575	0.875	0.7	0.8	0.7	0.8	0.575	0.9	0.775	0.825	0.225	0.125	0.95	0.075	0.925	0.275	0.775	0.225	0.725	0.95	0.2	0.925	0.95	0.525	0.9
All_between_Location	0.825	0.925	0.3	0.35	1.0	0.325	0.725	0.325	0.8	0.975	0.225	0.9	0.9	0.975	0.75	0.975	0.425	0.975	0.3	0.725	0.75	0.225	0.875	0.85	0.525	0.775	0.825	0.8	0.675	0.775	0.8	0.525	0.125	0.675	0.7	0.575	0.825	0.725	0.75	0.875	0.925	0.925	0.5	0.325	0.9	0.55	0.425	0.275	0.4	0.15	0.9	0.35	0.875	0.275	0.7	0.325	0.55	0.925	0.2	0.675	0.8	0.9	0.7	0.9	0.425	0.875	0.45	0.15	0.45	0.35	0.725	0.9	0.275	0.8	0.8	0.9	0.725	0.9	0.15	0.9	0.425	0.9	0.975	0.975	0.75	0.8	0.9	0.575	0.125	0.725	0.9	0.625	0.975	0.8	0.925
Tongue_vs._Tongue	0.45
Other_vs._Other	0.3	0.85	0.9
Gingiva_vs._Gingiva	0.5	0.3	0.7	0.925	0.275	0.8	0.85	0.9	0.75	0.9	0.225	0.9	0.45	0.7	0.8	0.975	0.7	0.875	0.925	0.95	0.825	0.95	0.325	0.95	0.625	0.8	0.975	0.225	0.875	0.9	0.95	0.75	0.95	0.4	0.95	0.575	0.55	0.725	0.425	0.7	0.525	0.5	0.525	0.8	0.5	0.65	0.95	0.75	0.75	0.1	0.25	0.2	0.95	0.05	0.925	0.8	0.825	0.95	0.725	0.95	0.375	0.95	0.45	0.525	0.65	0.75	0.575	0.875	0.7	0.8	0.7	0.8	0.575	0.9	0.775	0.825	0.225	0.125	0.95	0.075	0.925	0.275	0.775	0.225	0.725	0.95	0.2	0.925	0.95	0.525	0.9
Lip_vs._Tongue	0.825	0.925
Lip_vs._Other	0.3	0.35	1.0
Lip_vs._Gingiva	0.325	0.725	0.325	0.8	0.975	0.225	0.9	0.9	0.975	0.75	0.975	0.425	0.975	0.3
Tongue_vs._Other	0.725	0.75	0.225	0.875	0.85	0.525
Tongue_vs._Gingiva	0.775	0.825	0.8	0.675	0.775	0.8	0.525	0.125	0.675	0.7	0.575	0.825	0.725	0.75	0.875	0.925	0.925	0.5	0.325	0.9	0.55	0.425	0.275	0.4	0.15	0.9	0.35	0.875
Other_vs._Gingiva	0.275	0.7	0.325	0.55	0.925	0.2	0.675	0.8	0.9	0.7	0.9	0.425	0.875	0.45	0.15	0.45	0.35	0.725	0.9	0.275	0.8	0.8	0.9	0.725	0.9	0.15	0.9	0.425	0.9	0.975	0.975	0.75	0.8	0.9	0.575	0.125	0.725	0.9	0.625	0.975	0.8	0.925
