All_within_Group	0.752	0.57	0.632	0.808	0.356	0.532	0.714	0.856	0.846	0.496	0.632	0.57	0.64	0.722	0.864	0.658	0.866	0.6	0.56	0.316	0.538	0.54	0.216	0.882	0.992	0.968	0.73	0.938	0.942	0.61	0.978	0.95	0.862	0.93	0.93	0.86	0.256	0.454	0.126	0.182	0.564	0.38	0.25	0.188	0.52	0.376	0.344	0.258	0.156	0.496	0.494	0.368	0.322	0.622	0.79	0.566	0.8	0.85	0.844	0.362	0.974	0.986	0.824	0.998	0.88	0.892	0.728	0.798	0.718	0.824	0.912	0.846	0.762	0.492	0.764	0.842	0.828	0.854	0.666	0.868	0.882	0.842	0.86	0.924	0.888	0.91	0.828	0.938	0.848	0.968	0.938	0.996	0.888	0.836	0.872	0.996	0.912	0.832	0.996	0.854	0.998	0.968
All_between_Group	0.584	0.992	0.978	0.314	0.422	0.52	0.384	0.362	0.582	0.844	0.982	0.968	0.856	0.844	0.826	0.84	0.83	0.798	0.626	0.976	0.96	0.57	0.548	0.586	0.564	0.548	0.62	0.754	0.992	0.98	0.726	0.724	0.694	0.724	0.714	0.688	0.876	0.992	0.98	0.858	0.852	0.828	0.868	0.86	0.84	0.6	0.992	0.93	0.1	0.278	0.454	0.132	0.162	0.552	0.832	0.882	0.938	0.84	0.884	0.868	0.908	0.284	0.846	0.732	0.95	0.746	0.7	0.338	0.818	0.672	0.728	0.82	0.804	0.866	0.782	0.822	0.646	0.924	0.76	0.546	0.764	0.744	0.882	0.776	0.668	0.818	0.71	0.806	0.632	0.81	0.888	0.958	0.936	0.9	0.912	0.916	0.936	0.8	0.904	0.944	0.882	0.956	0.914	0.96	0.974	0.992	0.18	0.8	0.858	0.874	0.834	0.858	0.338	0.994	0.858	0.882	0.524	0.898	0.76	0.93	0.958	0.9	0.74	0.842	0.528	0.998	0.788	0.882	0.766	0.87	0.694	0.996	0.918	0.896	0.856	0.914	0.826	0.996	0.966	0.896	0.89	0.86	0.19	0.998	0.48	0.392	0.462	0.944	0.962	0.808	0.988	0.588	0.828	0.7	0.534	0.6	0.992	0.992	0.83	0.996	0.99	0.972	0.868	0.87	0.858	0.94	0.978	0.876	0.998	0.978	0.528	0.946	0.882	0.96	0.958	0.966	0.978	0.996	0.194	0.848	0.92	0.862	0.928	0.954	0.958	0.954	0.99	0.382	0.82	0.648	0.614	0.668	0.928	0.94	0.786	0.964	0.496	0.824	0.896	0.832	0.908	0.956	0.968	0.928	0.994	0.206	0.836	0.892	0.836	0.91	0.946	0.956	0.924	0.986	0.256	0.824	0.532	0.43	0.452	0.912	0.922	0.772	0.952	0.576	0.81	0.96	0.9	0.892	0.36	0.592	0.998	0.992	0.986	0.99	0.616	0.99	1.0	0.992	0.952	0.972	0.862	0.978	1.0	0.968	0.91	0.902	0.862	0.19	1.0	0.964	0.898	0.894	0.822	0.374	0.998	0.938	0.878	0.87	0.516	0.516	0.998	0.968	0.908	0.892	0.8	0.22	1.0	0.96	0.896	0.882	0.81	0.258	0.998	0.934	0.88	0.85	0.372	0.59	0.996	0.752	0.908	0.772	0.562	0.884	0.996	0.992	0.942	0.95	0.462	0.88	1.0	0.922	0.952	0.786	0.462	0.92	0.996	0.464	0.866	0.748	0.914	0.888	0.996	0.896	0.936	0.644	0.972	0.908	0.996	0.61	0.794	0.848	0.736	0.916	0.996	0.904	0.962	0.736	0.992	0.936	0.996	0.866	0.874	0.806	0.858	0.13	0.996	0.962	0.9	0.822	0.868	0.806	0.996
OL_vs._OL	0.752	0.57	0.632	0.808	0.356	0.532	0.714	0.856	0.846	0.496	0.632	0.57	0.64	0.722	0.864
OSCC_vs._OSCC	0.658	0.866	0.6	0.56	0.316	0.538	0.54	0.216	0.882	0.992	0.968	0.73	0.938	0.942	0.61	0.978	0.95	0.862	0.93	0.93	0.86	0.256	0.454	0.126	0.182	0.564	0.38	0.25	0.188	0.52	0.376	0.344	0.258	0.156	0.496	0.494
PVL_vs._PVL	0.368	0.322	0.622	0.79	0.566	0.8	0.85	0.844	0.362	0.974	0.986	0.824	0.998	0.88	0.892	0.728	0.798	0.718	0.824	0.912	0.846	0.762	0.492	0.764	0.842	0.828	0.854	0.666	0.868	0.882	0.842	0.86	0.924	0.888	0.91	0.828
CTRL_vs._CTRL	0.938	0.848	0.968	0.938	0.996	0.888	0.836	0.872	0.996	0.912	0.832	0.996	0.854	0.998	0.968
OL_vs._OSCC	0.584	0.992	0.978	0.314	0.422	0.52	0.384	0.362	0.582	0.844	0.982	0.968	0.856	0.844	0.826	0.84	0.83	0.798	0.626	0.976	0.96	0.57	0.548	0.586	0.564	0.548	0.62	0.754	0.992	0.98	0.726	0.724	0.694	0.724	0.714	0.688	0.876	0.992	0.98	0.858	0.852	0.828	0.868	0.86	0.84	0.6	0.992	0.93	0.1	0.278	0.454	0.132	0.162	0.552
OL_vs._PVL	0.832	0.882	0.938	0.84	0.884	0.868	0.908	0.284	0.846	0.732	0.95	0.746	0.7	0.338	0.818	0.672	0.728	0.82	0.804	0.866	0.782	0.822	0.646	0.924	0.76	0.546	0.764	0.744	0.882	0.776	0.668	0.818	0.71	0.806	0.632	0.81	0.888	0.958	0.936	0.9	0.912	0.916	0.936	0.8	0.904	0.944	0.882	0.956	0.914	0.96	0.974	0.992	0.18	0.8
OL_vs._CTRL	0.858	0.874	0.834	0.858	0.338	0.994	0.858	0.882	0.524	0.898	0.76	0.93	0.958	0.9	0.74	0.842	0.528	0.998	0.788	0.882	0.766	0.87	0.694	0.996	0.918	0.896	0.856	0.914	0.826	0.996	0.966	0.896	0.89	0.86	0.19	0.998
OSCC_vs._PVL	0.48	0.392	0.462	0.944	0.962	0.808	0.988	0.588	0.828	0.7	0.534	0.6	0.992	0.992	0.83	0.996	0.99	0.972	0.868	0.87	0.858	0.94	0.978	0.876	0.998	0.978	0.528	0.946	0.882	0.96	0.958	0.966	0.978	0.996	0.194	0.848	0.92	0.862	0.928	0.954	0.958	0.954	0.99	0.382	0.82	0.648	0.614	0.668	0.928	0.94	0.786	0.964	0.496	0.824	0.896	0.832	0.908	0.956	0.968	0.928	0.994	0.206	0.836	0.892	0.836	0.91	0.946	0.956	0.924	0.986	0.256	0.824	0.532	0.43	0.452	0.912	0.922	0.772	0.952	0.576	0.81
OSCC_vs._CTRL	0.96	0.9	0.892	0.36	0.592	0.998	0.992	0.986	0.99	0.616	0.99	1.0	0.992	0.952	0.972	0.862	0.978	1.0	0.968	0.91	0.902	0.862	0.19	1.0	0.964	0.898	0.894	0.822	0.374	0.998	0.938	0.878	0.87	0.516	0.516	0.998	0.968	0.908	0.892	0.8	0.22	1.0	0.96	0.896	0.882	0.81	0.258	0.998	0.934	0.88	0.85	0.372	0.59	0.996
PVL_vs._CTRL	0.752	0.908	0.772	0.562	0.884	0.996	0.992	0.942	0.95	0.462	0.88	1.0	0.922	0.952	0.786	0.462	0.92	0.996	0.464	0.866	0.748	0.914	0.888	0.996	0.896	0.936	0.644	0.972	0.908	0.996	0.61	0.794	0.848	0.736	0.916	0.996	0.904	0.962	0.736	0.992	0.936	0.996	0.866	0.874	0.806	0.858	0.13	0.996	0.962	0.9	0.822	0.868	0.806	0.996
