All_within_Location	0.162	0.956	0.91	0.632	0.57	0.564	0.528	0.804	0.858	0.868	0.826	0.888	0.126	0.19	0.946	0.22	0.896	0.884	0.754	0.724	0.688	0.56	0.216	0.52	0.938	0.858	0.858	0.992	0.992	0.938	0.848	0.968	0.996	0.992	0.464	0.896	0.61	0.904	0.866	0.962	0.874	0.882	0.986	0.952	0.878	0.888	0.836	0.996	0.942	0.866	0.936	0.794	0.962	0.874	0.9	0.752	0.992	0.978	0.52	0.834	0.858	0.994	0.882	0.84	0.884	0.868	0.908	0.284	0.846	0.982	0.968	0.826	0.524	0.898	0.93	0.95	0.7	0.338	0.818	0.672	0.728	0.82	0.882	0.73	0.99	0.616	1.0	0.534	0.992	0.992	0.83	0.996	0.99	0.972	0.862	0.972	0.862	1.0	0.87	0.94	0.978	0.876	0.998	0.978	0.528	0.87	0.516	0.998	0.614	0.928	0.94	0.786	0.964	0.496	0.824	0.912	0.996	0.95	0.748	0.644	0.848	0.736	0.806	0.822	0.998	0.462	0.914	0.972	0.736	0.992	0.858	0.868	1.0	0.996	0.996	0.996	0.996	0.996	0.996	0.974	0.986	0.824	0.998	0.88	0.892	0.762	0.492	0.764	0.842	0.828	0.854	0.666	0.868	0.882	0.842	0.86	0.924	0.888	0.91	0.828
All_between_Location	0.57	0.864	0.1	0.132	0.19	0.944	0.548	0.86	0.182	0.156	0.258	0.892	0.782	0.936	0.96	0.908	0.92	0.322	0.722	0.6	0.278	0.552	0.714	0.54	0.188	0.494	0.776	0.462	0.928	0.452	0.966	0.896	0.356	0.846	0.992	0.93	0.454	0.89	0.86	0.998	0.882	0.914	0.96	0.974	0.992	0.18	0.8	0.96	0.896	0.362	0.83	0.942	0.93	0.344	0.882	0.81	0.998	0.836	0.946	0.956	0.924	0.986	0.256	0.824	0.922	0.952	0.938	0.746	0.6	0.858	0.668	0.786	0.462	0.996	0.362	0.728	0.798	0.718	0.824	0.912	0.846	0.496	0.626	0.548	0.62	0.64	0.876	0.852	0.84	0.726	0.6	0.256	0.564	0.724	0.538	0.25	0.496	0.694	0.592	0.374	0.59	0.744	0.48	0.92	0.532	0.958	0.9	0.57	0.532	0.976	0.96	0.586	0.74	0.842	0.998	0.866	0.822	0.646	0.924	0.76	0.546	0.764	0.918	0.896	0.808	0.856	0.992	0.98	0.828	0.856	0.914	0.996	0.958	0.9	0.912	0.916	0.936	0.8	0.904	0.968	0.91	0.314	0.856	0.992	0.978	0.454	0.902	0.862	1.0	0.882	0.958	0.966	0.978	0.996	0.194	0.848	0.968	0.908	0.384	0.84	0.938	0.93	0.376	0.892	0.8	1.0	0.832	0.956	0.968	0.928	0.994	0.206	0.836	0.938	0.872	0.338	0.76	0.99	0.978	0.516	0.832	0.854	0.968	0.88	0.888	0.908	0.916	0.936	0.13	0.806	0.752	0.908	0.832	0.732	0.7	0.868	0.648	0.772	0.562	0.996	0.368	0.622	0.79	0.566	0.8	0.85	0.844	0.788	0.882	0.632	0.714	0.992	0.98	0.694	0.766	0.87	0.996	0.882	0.668	0.818	0.71	0.806	0.632	0.81	0.96	0.9	0.584	0.844	0.658	0.866	0.316	0.892	0.36	0.998	0.392	0.944	0.962	0.808	0.988	0.588	0.828	0.964	0.898	0.422	0.844	0.968	0.95	0.38	0.894	0.822	0.998	0.862	0.954	0.958	0.954	0.99	0.382	0.82	0.934	0.88	0.582	0.798	0.61	0.86	0.258	0.85	0.372	0.996	0.43	0.912	0.922	0.772	0.952	0.576	0.81
Lip_vs._Lip	0.162	0.956	0.91
Tongue_vs._Tongue	0.632	0.57	0.564	0.528	0.804	0.858	0.868	0.826	0.888	0.126	0.19	0.946	0.22	0.896	0.884
Other_vs._Other	0.754	0.724	0.688	0.56	0.216	0.52
Gingiva_vs._Gingiva	0.938	0.858	0.858	0.992	0.992	0.938	0.848	0.968	0.996	0.992	0.464	0.896	0.61	0.904	0.866	0.962	0.874	0.882	0.986	0.952	0.878	0.888	0.836	0.996	0.942	0.866	0.936	0.794	0.962	0.874	0.9	0.752	0.992	0.978	0.52	0.834	0.858	0.994	0.882	0.84	0.884	0.868	0.908	0.284	0.846	0.982	0.968	0.826	0.524	0.898	0.93	0.95	0.7	0.338	0.818	0.672	0.728	0.82	0.882	0.73	0.99	0.616	1.0	0.534	0.992	0.992	0.83	0.996	0.99	0.972	0.862	0.972	0.862	1.0	0.87	0.94	0.978	0.876	0.998	0.978	0.528	0.87	0.516	0.998	0.614	0.928	0.94	0.786	0.964	0.496	0.824	0.912	0.996	0.95	0.748	0.644	0.848	0.736	0.806	0.822	0.998	0.462	0.914	0.972	0.736	0.992	0.858	0.868	1.0	0.996	0.996	0.996	0.996	0.996	0.996	0.974	0.986	0.824	0.998	0.88	0.892	0.762	0.492	0.764	0.842	0.828	0.854	0.666	0.868	0.882	0.842	0.86	0.924	0.888	0.91	0.828
Lip_vs._Tongue	0.57	0.864	0.1	0.132	0.19	0.944	0.548	0.86	0.182	0.156	0.258	0.892	0.782	0.936	0.96	0.908	0.92	0.322
Lip_vs._Other	0.722	0.6	0.278	0.552	0.714	0.54	0.188	0.494	0.776	0.462	0.928	0.452
Lip_vs._Gingiva	0.966	0.896	0.356	0.846	0.992	0.93	0.454	0.89	0.86	0.998	0.882	0.914	0.96	0.974	0.992	0.18	0.8	0.96	0.896	0.362	0.83	0.942	0.93	0.344	0.882	0.81	0.998	0.836	0.946	0.956	0.924	0.986	0.256	0.824	0.922	0.952	0.938	0.746	0.6	0.858	0.668	0.786	0.462	0.996	0.362	0.728	0.798	0.718	0.824	0.912	0.846
Tongue_vs._Other	0.496	0.626	0.548	0.62	0.64	0.876	0.852	0.84	0.726	0.6	0.256	0.564	0.724	0.538	0.25	0.496	0.694	0.592	0.374	0.59	0.744	0.48	0.92	0.532
Tongue_vs._Gingiva	0.958	0.9	0.57	0.532	0.976	0.96	0.586	0.74	0.842	0.998	0.866	0.822	0.646	0.924	0.76	0.546	0.764	0.918	0.896	0.808	0.856	0.992	0.98	0.828	0.856	0.914	0.996	0.958	0.9	0.912	0.916	0.936	0.8	0.904	0.968	0.91	0.314	0.856	0.992	0.978	0.454	0.902	0.862	1.0	0.882	0.958	0.966	0.978	0.996	0.194	0.848	0.968	0.908	0.384	0.84	0.938	0.93	0.376	0.892	0.8	1.0	0.832	0.956	0.968	0.928	0.994	0.206	0.836	0.938	0.872	0.338	0.76	0.99	0.978	0.516	0.832	0.854	0.968	0.88	0.888	0.908	0.916	0.936	0.13	0.806	0.752	0.908	0.832	0.732	0.7	0.868	0.648	0.772	0.562	0.996	0.368	0.622	0.79	0.566	0.8	0.85	0.844
Other_vs._Gingiva	0.788	0.882	0.632	0.714	0.992	0.98	0.694	0.766	0.87	0.996	0.882	0.668	0.818	0.71	0.806	0.632	0.81	0.96	0.9	0.584	0.844	0.658	0.866	0.316	0.892	0.36	0.998	0.392	0.944	0.962	0.808	0.988	0.588	0.828	0.964	0.898	0.422	0.844	0.968	0.95	0.38	0.894	0.822	0.998	0.862	0.954	0.958	0.954	0.99	0.382	0.82	0.934	0.88	0.582	0.798	0.61	0.86	0.258	0.85	0.372	0.996	0.43	0.912	0.922	0.772	0.952	0.576	0.81
