All_within_Group	0.75	0.555555555556	0.25	0.714285714286	0.75	0.375	0.375	0.5	0.777777777778	0.6	0.4	0.666666666667	0.6	0.6	0.6	0.7	0.666666666667	0.6	0.6	0.571428571429	0.625	0.555555555556	0.555555555556	0.571428571429	0.571428571429	0.625	0.6	0.714285714286	0.5	0.5	0.8	0.6	0.571428571429	0.333333333333	0.6	0.833333333333	0.666666666667	0.5	0.714285714286	0.5	0.333333333333	0.5	0.714285714286	0.571428571429	0.5	0.6	0.6
All_between_Group	0.444444444444	0.142857142857	0.666666666667	0.571428571429	0.714285714286	0.857142857143	0.142857142857	0.5	0.428571428571	0.25	0.142857142857	0.666666666667	0.625	0.571428571429	0.625	0.428571428571	0.3	0.833333333333	0.5	0.6	0.6	0.7	0.333333333333	0.714285714286	0.333333333333	0.75	0.4	0.428571428571	0.571428571429	0.625	0.428571428571	0.3	0.25	0.571428571429	0.625	0.555555555556	0.375	0.571428571429	0.571428571429	0.625	0.75	0.8	0.833333333333	0.5	0.714285714286	0.5	0.5	0.25	0.555555555556	0.714285714286	0.333333333333	0.285714285714	0.5	0.714285714286	0.714285714286	0.571428571429	0.444444444444	0.571428571429	0.428571428571	0.375	0.142857142857	0.571428571429	0.571428571429	0.625	0.428571428571	0.571428571429	0.428571428571	0.625	0.3	0.571428571429	0.5	0.571428571429	0.333333333333	0.4	0.5	0.857142857143	0.5	0.875	0.5	0.444444444444	0.571428571429	0.428571428571	0.142857142857	0.375	0.571428571429	0.571428571429	0.428571428571	0.375	0.5	0.571428571429	0.5	0.285714285714	0.5	0.5	0.571428571429	0.666666666667	0.666666666667	0.5	0.625	0.625	0.857142857143	1.0	0.714285714286	0.625	0.6	0.0	0.571428571429	0.333333333333	0.6	0.833333333333	0.666666666667	0.571428571429	0.5	0.6	0.5	0.5	0.5	0.5	0.25	0.625	0.6	0.4	0.571428571429	0.571428571429	0.6	0.833333333333	0.4	0.625	0.6	0.666666666667	0.75	0.333333333333	0.25	0.6	0.666666666667	0.3	0.7	0.6	0.4	0.4	0.7	0.7	0.6
OL_vs._OL	0.75	0.555555555556	0.25	0.714285714286	0.75	0.375
OSCC_vs._OSCC	0.375	0.5	0.777777777778
PVL_vs._PVL	0.6	0.4	0.666666666667	0.6	0.6	0.6	0.7	0.666666666667	0.6	0.6
CTRL_vs._CTRL	0.571428571429	0.625	0.555555555556	0.555555555556	0.571428571429	0.571428571429	0.625	0.6	0.714285714286	0.5	0.5	0.8	0.6	0.571428571429	0.333333333333	0.6	0.833333333333	0.666666666667	0.5	0.714285714286	0.5	0.333333333333	0.5	0.714285714286	0.571428571429	0.5	0.6	0.6
OL_vs._OSCC	0.444444444444	0.142857142857	0.666666666667	0.571428571429	0.714285714286	0.857142857143	0.142857142857	0.5	0.428571428571	0.25	0.142857142857	0.666666666667
OL_vs._PVL	0.625	0.571428571429	0.625	0.428571428571	0.3	0.833333333333	0.5	0.6	0.6	0.7	0.333333333333	0.714285714286	0.333333333333	0.75	0.4	0.428571428571	0.571428571429	0.625	0.428571428571	0.3
OL_vs._CTRL	0.25	0.571428571429	0.625	0.555555555556	0.375	0.571428571429	0.571428571429	0.625	0.75	0.8	0.833333333333	0.5	0.714285714286	0.5	0.5	0.25	0.555555555556	0.714285714286	0.333333333333	0.285714285714	0.5	0.714285714286	0.714285714286	0.571428571429	0.444444444444	0.571428571429	0.428571428571	0.375	0.142857142857	0.571428571429	0.571428571429	0.625
OSCC_vs._PVL	0.428571428571	0.571428571429	0.428571428571	0.625	0.3	0.571428571429	0.5	0.571428571429	0.333333333333	0.4	0.5	0.857142857143	0.5	0.875	0.5
OSCC_vs._CTRL	0.444444444444	0.571428571429	0.428571428571	0.142857142857	0.375	0.571428571429	0.571428571429	0.428571428571	0.375	0.5	0.571428571429	0.5	0.285714285714	0.5	0.5	0.571428571429	0.666666666667	0.666666666667	0.5	0.625	0.625	0.857142857143	1.0	0.714285714286
PVL_vs._CTRL	0.625	0.6	0.0	0.571428571429	0.333333333333	0.6	0.833333333333	0.666666666667	0.571428571429	0.5	0.6	0.5	0.5	0.5	0.5	0.25	0.625	0.6	0.4	0.571428571429	0.571428571429	0.6	0.833333333333	0.4	0.625	0.6	0.666666666667	0.75	0.333333333333	0.25	0.6	0.666666666667	0.3	0.7	0.6	0.4	0.4	0.7	0.7	0.6
