All_within_Location	0.571428571429	0.25	0.571428571429	0.571428571429	0.571428571429	0.625	0.25	0.75	0.555555555556	0.375	0.555555555556	0.571428571429	0.625	0.571428571429	0.625	0.625	0.3	0.6	0.571428571429	0.8	0.714285714286	0.5	0.714285714286	0.5	0.6	0.5	0.6	0.6	0.7	0.625	0.833333333333	0.333333333333	0.571428571429	0.571428571429	0.6	0.0	0.6	0.4	0.666666666667	0.6	0.75	0.555555555556	0.142857142857	0.555555555556	0.571428571429	0.625	0.571428571429	0.625	0.428571428571	0.3	0.714285714286	0.714285714286	0.5	0.5	0.833333333333	0.5	0.6	0.6	0.7	0.5	0.285714285714	0.714285714286	0.333333333333	0.714285714286	0.333333333333	0.75	0.4	0.5	0.5	0.571428571429	0.5	0.571428571429	0.333333333333	0.4	0.714285714286	0.571428571429	0.5	0.571428571429	0.75	0.4	0.6	0.5	0.6	0.25	0.7	0.6	0.4	0.666666666667	0.6	0.6	0.6	0.7	0.666666666667	0.6	0.6
All_between_Location	0.625	0.714285714286	0.666666666667	0.5	1.0	0.666666666667	0.666666666667	0.5	0.666666666667	0.857142857143	0.428571428571	0.777777777778	0.625	0.857142857143	0.5	0.857142857143	0.5	0.875	0.5	0.142857142857	0.375	0.714285714286	0.625	0.428571428571	0.6	0.555555555556	0.5	0.333333333333	0.375	0.714285714286	0.5	0.285714285714	0.5	0.5	0.333333333333	0.5	0.571428571429	0.333333333333	0.4	0.625	0.6	0.666666666667	0.625	0.25	0.571428571429	0.571428571429	0.333333333333	0.6	0.666666666667	0.25	0.4	0.666666666667	0.6	0.444444444444	0.571428571429	0.428571428571	0.25	0.75	0.375	0.142857142857	0.375	0.571428571429	0.428571428571	0.571428571429	0.625	0.428571428571	0.3	0.444444444444	0.571428571429	0.428571428571	0.444444444444	0.571428571429	0.142857142857	0.375	0.142857142857	0.571428571429	0.428571428571	0.571428571429	0.428571428571	0.625	0.3	0.571428571429	0.8	0.833333333333	0.571428571429	0.5	0.714285714286	0.5	0.5	0.5	0.833333333333	0.5	0.833333333333	0.6	0.7
Tongue_vs._Tongue	0.571428571429
Other_vs._Other	0.25	0.571428571429	0.571428571429
Gingiva_vs._Gingiva	0.571428571429	0.625	0.25	0.75	0.555555555556	0.375	0.555555555556	0.571428571429	0.625	0.571428571429	0.625	0.625	0.3	0.6	0.571428571429	0.8	0.714285714286	0.5	0.714285714286	0.5	0.6	0.5	0.6	0.6	0.7	0.625	0.833333333333	0.333333333333	0.571428571429	0.571428571429	0.6	0.0	0.6	0.4	0.666666666667	0.6	0.75	0.555555555556	0.142857142857	0.555555555556	0.571428571429	0.625	0.571428571429	0.625	0.428571428571	0.3	0.714285714286	0.714285714286	0.5	0.5	0.833333333333	0.5	0.6	0.6	0.7	0.5	0.285714285714	0.714285714286	0.333333333333	0.714285714286	0.333333333333	0.75	0.4	0.5	0.5	0.571428571429	0.5	0.571428571429	0.333333333333	0.4	0.714285714286	0.571428571429	0.5	0.571428571429	0.75	0.4	0.6	0.5	0.6	0.25	0.7	0.6	0.4	0.666666666667	0.6	0.6	0.6	0.7	0.666666666667	0.6	0.6
Lip_vs._Tongue	0.625	0.714285714286
Lip_vs._Other	0.666666666667	0.5	1.0
Lip_vs._Gingiva	0.666666666667	0.666666666667	0.5	0.666666666667	0.857142857143	0.428571428571	0.777777777778	0.625	0.857142857143	0.5	0.857142857143	0.5	0.875	0.5
Tongue_vs._Other	0.142857142857	0.375	0.714285714286	0.625	0.428571428571	0.6
Tongue_vs._Gingiva	0.555555555556	0.5	0.333333333333	0.375	0.714285714286	0.5	0.285714285714	0.5	0.5	0.333333333333	0.5	0.571428571429	0.333333333333	0.4	0.625	0.6	0.666666666667	0.625	0.25	0.571428571429	0.571428571429	0.333333333333	0.6	0.666666666667	0.25	0.4	0.666666666667	0.6
Other_vs._Gingiva	0.444444444444	0.571428571429	0.428571428571	0.25	0.75	0.375	0.142857142857	0.375	0.571428571429	0.428571428571	0.571428571429	0.625	0.428571428571	0.3	0.444444444444	0.571428571429	0.428571428571	0.444444444444	0.571428571429	0.142857142857	0.375	0.142857142857	0.571428571429	0.428571428571	0.571428571429	0.428571428571	0.625	0.3	0.571428571429	0.8	0.833333333333	0.571428571429	0.5	0.714285714286	0.5	0.5	0.5	0.833333333333	0.5	0.833333333333	0.6	0.7
